2,180,7,95,210,313,13,52,96,15,157,159,16,57,110,17,98,168,177,19,37,21,135,24,28,44,34,126,244,36,100,120,147,169,45,205,50,194,53,68,268,284,54,153,242
6,280,46,109,306,47,186,61,64,274,310,87,204,106,158,237,292,112,203,122,214,289
11,117,18,59,38,90,39,246,288,41,296,322,56,86,74,145,76,224,105,206,281,113,125,121,162,290,124,231
9,49,51,101,173,22,138,248,48,163,179,91,236,256,152,185,161,174,265,311
10,227,259,42,241,43,160,198,81,247,83,150,252,131,165,196,192,230,201,257,261
3,23,5,67,14,197,20,140,25,166,26,82,31,60,32,55,269,40,266,267,58,115,137,63,233,70,97,71,78,77,133,234,79,228,84,219,318,85,240,262,89,211,294,93,191,253,102,116,172,305,111,170,114,129,146,225,123,255,291,130,220,264,149,272,285,189,217,221,207,239,208,317
215,273,319,222,243,238,283,321
1,278,4,27,29,8,66,12,108,30,75,103,35,304,62,286,65,88,80,139,271,92,216,99,175,299,107,182,184,118,254,128,277,320,132,143,226,249,134,178,142,314,156,295,298,312,164,245,287,171,183,176,188,212,195,258,251,301,309
260,302,276,307
0,167,33,229,69,282,72,155,235,73,151,200,94,181,104,218,223,119,136,193,127,144,141,187,148,270,154,308,190,213,199,297,316,202,263,293,209,250,232,303,275,300,279,315,323
