5,48,161,236,256,9,22,41,49,51,91,101,138,163,173
6,11,19,38,56,59,74,81,86,90,94,105,113,117,124,125,128,134,145,148,160,162,178,181,187,192,208,224,231,247,263,277,280,281,34,292,306
1,4,8,12,18,27,29,39,42,62,65,66,71,75,80,88,92,99,103,107,108,118,131,132,139,143,156,164,165,171,175,176,182,184,188,195,212,216,226,245,246,249,251,46,282,291,319
3,14,20,23,25,26,30,31,32,40,55,58,63,67,70,77,78,79,82,83,84,85,89,93,97,102,111,114,115,116,123,129,130,137,140,146,149,152,170,172,191,197,201,207,211,215,217,219,220,225,228,233,234,238,239,240,253,255,257,262,264,265,267,269,272,273,283,35,150,260,271,278,287,295,299,302,304,312,60,142,274,284,289,296,166,285,305
0,2,7,13,15,16,17,21,24,28,33,36,37,44,45,47,50,52,53,54,57,61,64,68,69,72,73,76,87,95,96,98,100,104,106,110,112,119,120,121,122,126,127,135,136,141,144,147,151,153,154,155,157,158,159,167,168,169,177,180,186,189,190,193,194,196,198,199,200,202,203,204,205,206,209,210,213,214,218,221,222,223,229,230,232,235,237,242,244,250,252,261,268,270,10,109,227,259,301
243
279
43,183,241,254,275,286,288,290,300,303,133,313,315,293,322
298
174,179,185,248,258,266,297,310,316,294,321,308,317,318
276,307,311,309,314,320
323
