3,23
4,27,29
19,37
24,28,44
31,60
8,66
26,82
56,86
38,90
13,52,96
70,97
30,75,103
18,59
12,108
16,57,110
11,117
5,67
113,125
58,115,137
20,140
74,145
0,167
36,100,120,147,169
111,170
25,166
9,49,51,101,173
71,78
65,88
17,98,168,177
134,178
48,163,179
2,180
94,181
171,183
107,182,184
152,185
141,187
127,144
119,136,193
50,194
131,165,196
14,197
43,160,198
73,151,200
112,203
45,205
87,204
176,188,212
190,213
92,216
189,217,221
104,218,223
76,224
114,129,146,225
47,186
79,228
33,229
192,230
124,231
77,133,234
72,155,235
207,239
42,241
54,153,242
222,243
34,126,244
81,247
22,138,248
132,143,226,249
209,250
83,150,252
93,191,253
118,254
91,236,256
15,157,159
195,258
10,227,259
63,233
85,240,262
130,220,264
40,266,267
32,55,269
148,270
80,139,271
1,278
201,257,261
6,280
105,206,281
69,282
53,68,268,284
149,272,285
62,286
164,245,287
39,246,288
122,214,289
121,162,290
123,255,291
106,158,237,292
202,263,293
89,211,294
99,175,299
275,300
260,302
232,303
35,304
102,116,172,305
46,109,306
276,307
154,308
251,301,309
61,64,274,310
161,174,265,311
156,295,298,312
7,95,210,313
142,314
21,135
199,297,316
208,317
84,219,318
215,273,319
128,277,320
238,283,321
41,296,322
279,315,323
