8,18
3,23
6,24
4,29
15,19,37
28,44
10,47
39,56
52,57
30,55
31,60
59,62
26,63
61,64
35,66
5,67
33,68
25,70
71,78
20,79
40,83
1,73
27,88
38,42,90
9,51,91
13,96
75,103
12,108
46,109
36,110
104,115
102,116
11,117
16,98
113,125
74,128
114,131
21,135
58,137
101,138
124,140
127,144
43,152
126,153
72,157
120,147,158
69,159
76,160
22,161
100,154
146,166
0,167
17,168
111,170
122,142
99,175
65,176
134,177
107,178
48,179
2,180
94,181
139,183
182,184
163,185
141,187
165,189
93,191
119,136,193
50,145
14,197
151,200
112,203
45,205
130,207
87,204,209
7,210
89,211
188,212
190,213
92,216
199,218
215,224
97,129,225
202,229
192,230
77,133,150,234
155,206,235
173,236
95,106,237
149,240
118,241
54,242
222,243
34,244
164,245
81,247
132,143,249
123,253
162,254
195,226,258
186,227,259
233,260
82,85,262
220,239,264
252,266,267
53,250,268
32,269
148,265
80,171,271
49,248
263,275
198,276
201,279
105,281
84,238
223,284
219,285
270,287
246,288
214,282,289
231,290
228,255,291
169,221,292
217,277,293
156,295
286,299
280,300
232,303
272,304
172,294,305
121,261,306
41,296
251,301,309
274,308,310
174,307,311
86,298
196,313
278,312,314
297,316
208,256,317
273,319
257,320
283,318,321
302,322
194,315,323
